1446.6	644.9
1446.7	651.3
1446.8	660.5
1446.9	660
1447	665.6
1447.1	653.9
1447.2	658.4
1447.3	640.2
1447.4	654.9
1447.5	643
1447.6	668.1
1447.7	655.5
1447.8	662.2
1447.9	650.6
1448	659.9
1448.1	661.2
1448.2	655.6
1448.3	664.7
1448.4	661.3
1448.5	659.2
1448.6	650.8
1448.7	665.6
1448.8	660.8
1448.9	641
1449	660.8
1449.1	661.1
1449.2	654.8
1449.3	643.1
1449.4	654.2
1449.5	655.7
1449.6	665.7
1449.7	653.7
1449.8	631.5
1449.9	648.3
1450	643.4
1450.1	635.7
1450.2	646
1450.3	644.3
1450.4	657.5
1450.5	629.9
1450.6	640.3
1450.7	632.7
1450.8	648
1450.9	645.1
1451	649.2
1451.1	629.6
1451.2	624.4
1451.3	636.9
1451.4	648.4
1451.5	635.8
1451.6	635.4
1451.7	638.7
1451.8	639.9
1451.9	632.7
1452	632.7
1452.1	628.5
1452.2	616.4
1452.3	651.9
1452.4	643.7
1452.5	627.2
1452.6	636.5
1452.7	649.8
1452.8	625.7
1452.9	643
1453	641.5
1453.1	644.9
1453.2	627.9
1453.3	630.5
1453.4	650.5
1453.5	638.8
1453.6	628.1
1453.7	639
1453.8	637.6
1453.9	632.1
1454	631.2
1454.1	639.6
1454.2	631.8
1454.3	641.2
1454.4	652.8
1454.5	648.5
1454.6	638.5
1454.7	643.9
1454.8	642.3
1454.9	646.1
1455	640.4
1455.1	650.6
1455.2	651.8
1455.3	646.1
1455.4	641.9
1455.5	642
1455.6	652.5
1455.7	654.7
1455.8	635.7
1455.9	647.7
1456	625.7
1456.1	637.9
1456.2	648
1456.3	646.8
1456.4	641.8
1456.5	648.8
1456.6	652.1
1456.7	649.2
1456.8	644.5
1456.9	659.8
1457	655.6
1457.1	639
1457.2	664.7
1457.3	651.3
1457.4	637.7
1457.5	643.9
1457.6	640.1
1457.7	649.9
1457.8	643.9
1457.9	628.5
1458	649.6
1458.1	650
1458.2	639.2
1458.3	625.3
1458.4	643.4
1458.5	643.9
1458.6	644.9
1458.7	630.5
1458.8	629.2
1458.9	626.9
1459	629.3
1459.1	623.6
1459.2	630
1459.3	616.1
1459.4	619.1
1459.5	612.6
1459.6	614.3
1459.7	611.7
1459.8	607.4
1459.9	611.3
1460	608.4
1460.1	618.5
1460.2	613.3
1460.3	608
1460.4	609.3
1460.5	613.2
1460.6	612.6
1460.7	597.9
1460.8	591.3
1460.9	601.3
1461	602.1
1461.1	603
1461.2	612.8
1461.3	601.5
1461.4	602.5
1461.5	598.6
1461.6	604.7
1461.7	603.8
1461.8	589.9
1461.9	595.2
1462	595.8
1462.1	592.6
1462.2	595.3
1462.3	607.2
1462.4	602.5
1462.5	597
1462.6	602.6
1462.7	587.6
1462.8	593.2
1462.9	592.4
1463	595.6
1463.1	609.3
1463.2	600.2
1463.3	603.7
1463.4	592.3
1463.5	594.8
1463.6	595.9
1463.7	603.6
1463.8	600.8
1463.9	601.8
1464	604.2
1464.1	610.2
1464.2	622.2
1464.3	623
1464.4	601.2
1464.5	613.1
1464.6	619.8
1464.7	629.1
1464.8	624.3
1464.9	626.6
1465	628.5
1465.1	627.3
1465.2	622.7
1465.3	608.3
1465.4	621.1
1465.5	618.6
1465.6	641.9
1465.7	609.2
1465.8	635.4
1465.9	629.3
1466	629.7
1466.1	626.4
1466.2	639.1
1466.3	620.9
1466.4	627.4
1466.5	630.8
1466.6	628.6
1466.7	643.8
1466.8	637.2
1466.9	633.1
1467	634.6
1467.1	636.7
1467.2	638.8
1467.3	639.1
1467.4	645.7
1467.5	648.5
1467.6	654.9
1467.7	656.3
1467.8	648.6
1467.9	657.8
1468	633.8
1468.1	632.5
1468.2	648.8
1468.3	651.3
1468.4	654.1
1468.5	639.3
1468.6	657.1
1468.7	658.8
1468.8	664.6
1468.9	651.5
1469	653.5
1469.1	660.4
1469.2	654.9
1469.3	671.2
1469.4	652.1
1469.5	673
1469.6	666.2
1469.7	669.8
1469.8	674.1
1469.9	662.3
1470	676.3
1470.1	678.2
1470.2	660.1
1470.3	677.2
1470.4	689.6
1470.5	689.5
1470.6	681.4
1470.7	676.5
1470.8	679.8
1470.9	685.8
1471	683.6
1471.1	677.4
1471.2	689.1
1471.3	689.6
1471.4	701.6
1471.5	697.5
1471.6	697.6
1471.7	690.2
1471.8	678.1
1471.9	688.5
1472	694.4
1472.1	682.7
1472.2	699
1472.3	694.2
1472.4	694.3
1472.5	693.9
1472.6	681.2
1472.7	698.1
1472.8	711.4
1472.9	694
1473	704.5
1473.1	711.5
1473.2	714.5
1473.3	715.8
1473.4	706.3
1473.5	715
1473.6	721.4
1473.7	718.8
1473.8	717.1
1473.9	723.9
1474	723.6
1474.1	724
1474.2	744.8
1474.3	733.1
1474.4	712.7
1474.5	734.7
1474.6	730.6
1474.7	746.8
1474.8	739.3
1474.9	757
1475	741.9
1475.1	759.3
1475.2	745
1475.3	762.9
1475.4	766.8
1475.5	759.2
1475.6	767.8
1475.7	784.7
1475.8	796.9
1475.9	777.3
1476	788.6
1476.1	820.2
1476.2	804.3
1476.3	815
1476.4	818
1476.5	833.3
1476.6	851.1
1476.7	854.5
1476.8	870.7
1476.9	883.6
1477	900.5
1477.1	900.4
1477.2	920.6
1477.3	928.8
1477.4	948.6
1477.5	959.7
1477.6	985.3
1477.7	1012.7
1477.8	1039.1
1477.9	1057
1478	1129.2
1478.1	1177.4
1478.2	1238.9
1478.3	1307.2
1478.4	1424.7
1478.5	1539.9
1478.6	1676.9
1478.7	1888.1
1478.8	2069.4
1478.9	2304.3
1479	2501.8
1479.1	2730.2
1479.2	2953.9
1479.3	3194
1479.4	3380.4
1479.5	3516
1479.6	3652.9
1479.7	3775.8
1479.8	3897.4
1479.9	4033.4
1480	4184.2
1480.1	4363.9
1480.2	4574.4
1480.3	4648.4
1480.4	4685.4
1480.5	4604.1
1480.6	4425.5
1480.7	4180.3
1480.8	3957
1480.9	3727.1
1481	3484.1
1481.1	3377.6
1481.2	3263.6
1481.3	3194.5
1481.4	3224.2
1481.5	3228.1
1481.6	3313.5
1481.7	3409.2
1481.8	3467.8
1481.9	3608
1482	3856.6
1482.1	4018.1
1482.2	4234
1482.3	4424.3
1482.4	4643.7
1482.5	4781
1482.6	4895
1482.7	4959.5
1482.8	5046
1482.9	5031.2
1483	5028.1
1483.1	5000.7
1483.2	4983.9
1483.3	4921.9
1483.4	4916.8
1483.5	4849.7
1483.6	4848.4
1483.7	4868.6
1483.8	4853.9
1483.9	4751.8
1484	4572.8
1484.1	4260.6
1484.2	3789.3
1484.3	3203.5
1484.4	2672.7
1484.5	2163.5
1484.6	1725.9
1484.7	1339.5
1484.8	1082.1
1484.9	885.6
1485	780.4
1485.1	688.4
1485.2	630.1
1485.3	598.8
1485.4	563
1485.5	562.9
1485.6	534.1
1485.7	523.3
1485.8	515
1485.9	493.7
1486	473.5
1486.1	460.3
1486.2	423
1486.3	399.8
1486.4	336
1486.5	285.5
1486.6	204.1
1486.7	143.3
1486.8	91.2
1486.9	57.9
1487	39.9
1487.1	28.8
1487.2	24.7
1487.3	23.4
1487.4	21.9
1487.5	22.3
1487.6	20.5
1487.7	20
1487.8	16.9
1487.9	16.9
1488	16.5
1488.1	18.5
1488.2	18.4
1488.3	19.1
1488.4	17.7
1488.5	17.1
1488.6	16.1
1488.7	15.5
1488.8	13.3
1488.9	16.2
1489	16.9
1489.1	14
1489.2	13.3
1489.3	13.6
1489.4	14.4
1489.5	14.3
1489.6	15.2
1489.7	15.8
1489.8	15.8
1489.9	12.4
1490	13
1490.1	16.2
1490.2	13.3
1490.3	13.5
1490.4	12.3
1490.5	13.6
1490.6	11.2
1490.7	13.2
1490.8	13.2
1490.9	13.4
1491	11.8
1491.1	11.8
1491.2	12.6
1491.3	12.1
1491.4	12.2
1491.5	13.9
1491.6	10.7
1491.7	12.7
1491.8	12.2
1491.9	10.9
1492	11.9
1492.1	10
1492.2	10.5
1492.3	11.1
1492.4	11.3
1492.5	11.2
1492.6	10.6
1492.7	9.7
1492.8	11.7
1492.9	12.7
1493	9.7
1493.1	8.8
1493.2	10.1
1493.3	8.6
1493.4	10.4
1493.5	8.5
1493.6	10.7
1493.7	9.5
1493.8	10.9
1493.9	9.7
1494	10.5
1494.1	7.9
1494.2	7.1
1494.3	8.5
1494.4	9.4
1494.5	11.1
1494.6	7.4
1494.7	8.5
1494.8	7.6
1494.9	9.1
1495	6.5
1495.1	8
1495.2	7.5
1495.3	7.4
1495.4	7.6
1495.5	6.9
1495.6	7.3
1495.7	7.4
1495.8	7.4
1495.9	7.9
1496	7.5
1496.1	8
1496.2	8.5
1496.3	9.2
1496.4	7
1496.5	6.9
1496.6	7.9
