20	0.00794633	0.0126951	0.0161896	0.000884887	3.03E-05	1.19E-06
19.9	0.00813216	0.0129698	0.0165164	0.000891094	3.06E-05	1.20E-06
19.8	0.00831798	0.0132445	0.0168531	0.0008973	3.09E-05	1.22E-06
19.7	0.0085038	0.0133423	0.0172001	0.000903506	3.12E-05	1.24E-06
19.6	0.00868962	0.0136204	0.0175582	0.000909712	3.15E-05	1.25E-06
19.5	0.00887544	0.0139074	0.0179273	0.000915918	3.19E-05	1.27E-06
19.4	0.00906127	0.0142034	0.0183082	0.000922124	3.22E-05	1.28E-06
19.3	0.00924709	0.014509	0.0187015	0.00092833	3.25E-05	1.30E-06
19.2	0.00943291	0.0148245	0.0191072	0.000934536	3.29E-05	1.32E-06
19.1	0.00961873	0.0151505	0.0195267	0.000940742	3.32E-05	1.33E-06
19	0.00980455	0.0154873	0.0199599	0.000946948	3.36E-05	1.36E-06
18.9	0.010064	0.0158355	0.0204075	0.00095383	3.39E-05	1.38E-06
18.8	0.0103234	0.0161955	0.0208706	0.000960713	3.42E-05	1.40E-06
18.7	0.0105828	0.0165679	0.0213492	0.000967595	3.46E-05	1.42E-06
18.6	0.0108422	0.0169533	0.0218448	0.000974478	3.49E-05	1.44E-06
18.5	0.0111017	0.0173522	0.0223577	0.00098136	3.53E-05	1.46E-06
18.4	0.0113611	0.0177653	0.0228885	0.000988243	3.57E-05	1.48E-06
18.3	0.0116205	0.0181934	0.023439	0.000995125	3.61E-05	1.50E-06
18.2	0.0118799	0.018637	0.024009	0.00100201	3.65E-05	1.52E-06
18.1	0.0121393	0.019097	0.0246003	0.00100889	3.69E-05	1.54E-06
18	0.0123988	0.0195743	0.0252135	0.00101577	3.73E-05	1.56E-06
17.9	0.0127764	0.0200697	0.0258496	0.00102343	3.77E-05	1.59E-06
17.8	0.013154	0.0205841	0.0265106	0.00103109	3.81E-05	1.61E-06
17.7	0.0135316	0.0211185	0.0271967	0.00103876	3.85E-05	1.63E-06
17.6	0.0139093	0.0216739	0.0279099	0.00104642	3.89E-05	1.65E-06
17.5	0.0140995	0.0222515	0.0286515	0.00105408	3.93E-05	1.68E-06
17.4	0.0144814	0.0228523	0.0294223	0.00106174	3.97E-05	1.70E-06
17.3	0.014879	0.0234778	0.0302257	0.0010694	4.02E-05	1.73E-06
17.2	0.0152931	0.0241291	0.0310615	0.00107706	4.06E-05	1.76E-06
17.1	0.0157248	0.0248079	0.0319324	0.00108472	4.11E-05	1.79E-06
17	0.016175	0.0255156	0.0328406	0.00109238	4.16E-05	1.81E-06
16.9	0.0166448	0.0262539	0.0337871	0.00110094	4.20E-05	1.84E-06
16.8	0.0171353	0.0270249	0.0347762	0.00110951	4.25E-05	1.87E-06
16.7	0.0176478	0.0278302	0.0358084	0.00111807	4.30E-05	1.90E-06
16.6	0.0181835	0.028672	0.0368869	0.00112663	4.35E-05	1.92E-06
16.5	0.018744	0.0295523	0.0380155	0.00113519	4.40E-05	1.95E-06
16.4	0.0193307	0.0304736	0.0391951	0.00114375	4.45E-05	1.98E-06
16.3	0.0199454	0.0314385	0.0404316	0.00115231	4.50E-05	2.01E-06
16.2	0.0205898	0.0324498	0.0417266	0.00116087	4.55E-05	2.03E-06
16.1	0.0212659	0.0335104	0.0430838	0.00116943	4.60E-05	2.06E-06
16	0.0219757	0.0346237	0.0445095	0.001178	4.65E-05	2.10E-06
15.9	0.0227216	0.035793	0.0460051	0.0011876	4.70E-05	2.13E-06
15.8	0.023506	0.0370223	0.0475782	0.00119721	4.76E-05	2.17E-06
15.7	0.0243317	0.0383161	0.0492325	0.00120682	4.82E-05	2.21E-06
15.6	0.0252015	0.0396788	0.0509727	0.00121643	4.88E-05	2.24E-06
15.5	0.0261187	0.0411151	0.0528089	0.00122604	4.94E-05	2.28E-06
15.4	0.0270867	0.0426304	0.0547431	0.00123565	5.00E-05	2.32E-06
15.3	0.0281094	0.0442305	0.056786	0.00124526	5.06E-05	2.35E-06
15.2	0.0291909	0.0459218	0.0589447	0.00125487	5.12E-05	2.39E-06
15.1	0.0303359	0.0477115	0.0612252	0.00126447	5.18E-05	2.43E-06
15	0.0315493	0.0496071	0.0636443	0.00127408	5.24E-05	2.47E-06
14.9	0.0328368	0.0516172	0.066205	0.00128492	5.30E-05	2.50E-06
14.8	0.0342044	0.0537512	0.0689228	0.00129575	5.36E-05	2.54E-06
14.7	0.0356589	0.0560192	0.0718114	0.00130658	5.42E-05	2.58E-06
14.6	0.0372078	0.0584329	0.0748792	0.00131742	5.48E-05	2.61E-06
14.5	0.0388595	0.0610062	0.0781524	0.00132825	5.56E-05	2.66E-06
14.4	0.0406231	0.0637518	0.0816387	0.00133909	5.63E-05	2.71E-06
14.3	0.0425091	0.0666855	0.0853605	0.00134992	5.71E-05	2.76E-06
14.2	0.0445288	0.0698246	0.0893437	0.00136075	5.78E-05	2.81E-06
14.1	0.0466952	0.0731886	0.093602	0.00137159	5.86E-05	2.86E-06
14	0.0490228	0.0767992	0.0981765	0.00138242	5.93E-05	2.91E-06
13.9	0.0515278	0.0806809	0.103086	0.0013947	6.00E-05	2.96E-06
13.8	0.0542287	0.0848614	0.108365	0.00140697	6.08E-05	3.01E-06
13.7	0.0571463	0.0893715	0.114062	0.00141925	6.15E-05	3.06E-06
13.6	0.0603043	0.0942466	0.120203	0.00143153	6.23E-05	3.11E-06
13.5	0.0637296	0.0995264	0.126855	0.0014438	6.30E-05	3.16E-06
13.4	0.067453	0.105259	0.134062	0.00145608	6.37E-05	3.21E-06
13.3	0.0715099	0.111497	0.14188	0.00146836	6.45E-05	3.26E-06
13.2	0.0759409	0.118298	0.150407	0.00148063	6.55E-05	3.31E-06
13.1	0.0807931	0.12573	0.159692	0.00149291	6.64E-05	3.36E-06
13	0.0861211	0.133874	0.169856	0.00150519	6.73E-05	3.42E-06
12.9	0.0919884	0.14282	0.180999	0.00151917	6.82E-05	3.49E-06
12.8	0.0984697	0.152677	0.193222	0.00153316	6.92E-05	3.56E-06
12.7	0.105653	0.163568	0.206734	0.00154715	7.01E-05	3.63E-06
12.6	0.113641	0.175641	0.221637	0.00156114	7.10E-05	3.70E-06
12.5	0.122557	0.189068	0.238169	0.00157512	7.20E-05	3.77E-06
12.4	0.132549	0.204054	0.256568	0.00158911	7.29E-05	3.84E-06
12.3	0.143794	0.220843	0.277044	0.0016031	7.38E-05	3.91E-06
12.2	0.156507	0.239748	0.300058	0.00161708	7.47E-05	3.98E-06
12.1	0.170948	0.261103	0.325863	0.00163107	7.57E-05	4.05E-06
12	0.18744	0.285335	0.354973	0.00164506	7.67E-05	4.12E-06
11.9	0.206378	0.312959	0.387991	0.00166109	7.78E-05	4.19E-06
11.8	0.228258	0.344608	0.425423	0.00167712	7.90E-05	4.26E-06
11.7	0.253701	0.381056	0.468313	0.00169315	8.02E-05	4.33E-06
11.6	0.283495	0.423259	0.5174	0.00170918	8.14E-05	4.40E-06
11.5	0.318648	0.472401	0.573863	0.00172522	8.25E-05	4.47E-06
11.4	0.360462	0.529953	0.639291	0.00174125	8.37E-05	4.57E-06
11.3	0.410629	0.597745	0.714927	0.00175728	8.49E-05	4.67E-06
11.2	0.471373	0.678045	0.803188	0.00177331	8.61E-05	4.77E-06
11.1	0.54563	0.77374	0.905948	0.00178934	8.72E-05	4.87E-06
11	0.637296	0.888271	1.02555	0.00180537	8.84E-05	4.97E-06
10.9	0.751528	1.02559	1.1652	0.00182386	8.96E-05	5.07E-06
10.8	0.895079	1.19018	1.32624	0.00184236	9.08E-05	5.17E-06
10.7	1.07651	1.38643	1.51087	0.00186085	9.20E-05	5.27E-06
10.6	1.30593	1.61751	1.71798	0.00187934	9.35E-05	5.37E-06
10.5	1.59324	1.88297	1.94316	0.00189784	9.51E-05	5.47E-06
10.4	1.94298	2.17494	2.17676	0.00191633	9.66E-05	5.58E-06
10.3	2.343	2.4732	2.40126	0.00193483	9.81E-05	5.68E-06
10.2	2.74697	2.74188	2.59209	0.00195332	9.96E-05	5.78E-06
10.1	3.06392	2.93336	2.72139	0.00197181	0.00010108	5.88E-06
10	3.18648	3.00375	2.76919	0.00199031	0.000102587	5.98E-06
9.9	3.06392	2.89881	2.67452	0.00201179	0.000104094	6.10E-06
9.8	2.74697	2.61976	2.42657	0.00203328	0.000105602	6.25E-06
9.7	2.343	2.24442	2.08254	0.00205477	0.000107109	6.40E-06
9.6	1.94298	1.85103	1.71178	0.00207625	0.000108616	6.54E-06
9.5	1.59324	1.49117	1.36363	0.00209774	0.000110124	6.69E-06
9.4	1.30593	1.18724	1.0664	0.00211923	0.000111804	6.84E-06
9.3	1.07651	0.942131	0.82471	0.00214072	0.000113772	6.99E-06
9.2	0.895079	0.749323	0.63537	0.0021622	0.000115741	7.14E-06
9.1	0.751528	0.59937	0.490583	0.00218369	0.000117709	7.29E-06
9	0.637296	0.483089	0.379865	0.00220518	0.000119677	7.43E-06
8.9	0.54563	0.392712	0.296526	0.00223034	0.000121646	7.58E-06
8.8	0.471373	0.322157	0.233058	0.0022555	0.000123614	7.73E-06
8.7	0.410629	0.266667	0.184606	0.00228067	0.000125582	7.88E-06
8.6	0.360462	0.22262	0.147651	0.00230583	0.000127551	8.03E-06
8.5	0.318648	0.187361	0.118942	0.00233099	0.000129519	8.18E-06
8.4	0.283495	0.1589	0.0967017	0.00235616	0.000131487	8.33E-06
8.3	0.253701	0.135736	0.0792234	0.00238132	0.000133456	8.55E-06
8.2	0.228258	0.116734	0.0653612	0.00240648	0.000135424	8.78E-06
8.1	0.206378	0.101026	0.0543777	0.00243164	0.000137664	9.00E-06
8	0.18744	0.0879484	0.0455095	0.00245681	0.000140284	9.23E-06
7.9	0.170948	0.0769849	0.0383531	0.00248654	0.000142904	9.45E-06
7.8	0.156507	0.0677345	0.0325203	0.00251626	0.000145524	9.68E-06
7.7	0.143794	0.0598818	0.0277173	0.00254599	0.000148144	9.90E-06
7.6	0.132549	0.0531855	0.0237761	0.00257572	0.000150764	1.01E-05
7.5	0.122557	0.047436	0.0204867	0.00260545	0.000153384	1.04E-05
7.4	0.113641	0.042474	0.0177412	0.00263518	0.000156004	1.06E-05
7.3	0.105653	0.0381711	0.0154364	0.0026649	0.000158624	1.08E-05
7.2	0.0984697	0.0344228	0.0134824	0.00269463	0.000161244	1.10E-05
7.1	0.0919884	0.0311438	0.0118321	0.00272436	0.000163864	1.13E-05
7	0.0861211	0.0282636	0.0104197	0.00275409	0.000166484	1.15E-05
6.9	0.0807931	0.0257242	0.00920971	0.00278956	0.000169104	1.17E-05
6.8	0.0759409	0.0234771	0.00817035	0.00282502	0.000172158	1.20E-05
6.7	0.0715099	0.0214817	0.00726942	0.00286049	0.000175723	1.24E-05
6.6	0.067453	0.0197043	0.00649085	0.00289596	0.000179288	1.27E-05
6.5	0.0637296	0.0181166	0.00581167	0.00293142	0.000182853	1.31E-05
6.4	0.0603043	0.0166944	0.0052179	0.00296689	0.000186418	1.34E-05
6.3	0.0571463	0.0154161	0.00469865	0.00300236	0.000189983	1.38E-05
6.2	0.0542287	0.014264	0.0042407	0.00303783	0.000193549	1.42E-05
6.1	0.0515278	0.0132231	0.00383776	0.00307329	0.000197114	1.45E-05
6	0.0490228	0.0122804	0.00348092	0.00310876	0.000200679	1.49E-05
5.9	0.0466952	0.0114246	0.00316393	0.00315155	0.000204244	1.52E-05
5.8	0.0445288	0.0106461	0.00288276	0.00319433	0.000207809	1.56E-05
5.7	0.0425091	0.00993624	0.00263134	0.00323711	0.000211374	1.59E-05
5.6	0.0406231	0.00928778	0.00240692	0.0032799	0.000214939	1.63E-05
5.5	0.0388595	0.00869423	0.00220577	0.00332268	0.000219211	1.66E-05
5.4	0.0372078	0.00814994	0.00202476	0.00336547	0.000224189	1.70E-05
5.3	0.0356589	0.00765025	0.00186235	0.00340825	0.000229167	1.74E-05
5.2	0.0342044	0.00719041	0.00171549	0.00345104	0.000234144	1.80E-05
5.1	0.0328368	0.00676652	0.00158287	0.00349382	0.000239122	1.86E-05
5	0.0315493	0.00637514	0.00146281	0.0035366	0.0002441	1.92E-05
4.9	0.0303359	0.00601324	0.00135366	0.00358886	0.000249077	1.98E-05
4.8	0.0291909	0.0056781	0.00125475	0.00364112	0.000254055	2.04E-05
4.7	0.0281094	0.0053673	0.00116451	0.00369339	0.000259033	2.10E-05
4.6	0.0270867	0.00507869	0.00108223	0.00374565	0.000264011	2.15E-05
4.5	0.0261187	0.00481032	0.00100712	0.00379791	0.000268988	2.21E-05
4.4	0.0252015	0.00456045	0.000938266	0.00385017	0.000273966	2.27E-05
4.3	0.0243317	0.00432754	0.000875323	0.00390243	0.000278944	2.33E-05
4.2	0.023506	0.00411021	0.000817479	0.00395469	0.000285107	2.39E-05
4.1	0.0227216	0.00390722	0.000764304	0.00400695	0.000292271	2.45E-05
4	0.0219757	0.00371732	0.000715434	0.00405921	0.000299436	2.51E-05
3.9	0.0212659	0.0035395	0.000670317	0.00412397	0.000306601	2.57E-05
3.8	0.0205898	0.0033728	0.000628761	0.00418872	0.000313765	2.63E-05
3.7	0.0199454	0.00321637	0.000590339	0.00425348	0.00032093	2.73E-05
3.6	0.0193307	0.00306943	0.000554774	0.00431823	0.000328094	2.83E-05
3.5	0.018744	0.00293129	0.000521895	0.00438299	0.000335259	2.93E-05
3.4	0.0181835	0.00280128	0.000491359	0.00444774	0.000342424	3.03E-05
3.3	0.0176478	0.00267883	0.000463051	0.0045125	0.000349588	3.14E-05
3.2	0.0171353	0.00256339	0.000436741	0.00457725	0.000356753	3.24E-05
3.1	0.0166448	0.00245448	0.000412242	0.00464201	0.000363918	3.34E-05
3	0.016175	0.00235167	0.000389478	0.00470676	0.000371082	3.44E-05
2.9	0.0157248	0.00225452	0.000368227	0.00478834	0.000380308	3.55E-05
2.8	0.0152931	0.00216263	0.000348417	0.00486991	0.000391004	3.65E-05
2.7	0.014879	0.00207566	0.000329921	0.00495148	0.000401701	3.75E-05
2.6	0.0144814	0.00199327	0.000312609	0.00503306	0.000412397	3.85E-05
2.5	0.0140995	0.00191518	0.000296452	0.00511463	0.000423093	3.96E-05
2.4	0.0139093	0.0018411	0.000281301	0.0051962	0.000433789	4.06E-05
2.3	0.0135316	0.00177079	0.000267108	0.00527778	0.000444486	4.16E-05
2.2	0.013154	0.001704	0.000253803	0.00535935	0.000455182	4.33E-05
2.1	0.0127764	0.00164052	0.000241299	0.00544092	0.000465878	4.52E-05
2	0.0123988	0.00158015	0.000229575	0.0055225	0.000476574	4.71E-05
1.9	0.0121393	0.00152271	0.000218541	0.00562725	0.000487271	4.90E-05
1.8	0.0118799	0.00146802	0.000208161	0.00573201	0.000497967	5.09E-05
1.7	0.0116205	0.00141592	0.000198396	0.00583677	0.000508663	5.29E-05
1.6	0.0113611	0.00136625	0.000189185	0.00594152	0.000523113	5.48E-05
1.5	0.0111017	0.00131887	0.000180513	0.00604628	0.000539812	5.43E-05
1.4	0.0108422	0.00127365	0.000172326	0.00615104	0.000556511	5.62E-05
1.3	0.0105828	0.00123047	0.000164594	0.00625579	0.000573209	5.82E-05
1.2	0.0103234	0.00118922	0.000157299	0.00636055	0.000589908	6.03E-05
1.1	0.010064	0.00114979	0.000150394	0.0064653	0.000606607	6.25E-05
1	0.00980455	0.00111208	0.000143869	0.00657006	0.000623306	6.48E-05
0.9	0.00961873	0.00107599	0.000137693	0.00670769	0.000640005	6.72E-05
0.8	0.00943291	0.00104145	0.000131839	0.00684532	0.000656704	6.97E-05
0.7	0.00924709	0.00100838	0.000126301	0.00698294	0.000673403	7.23E-05
0.6	0.00906127	0.000976692	0.000121044	0.00712057	0.000690102	7.51E-05
0.5	0.00887544	0.000946316	0.00011606	0.0072582	0.000706801	7.80E-05
0.4	0.00868962	0.000917185	0.00011133	0.00739582	0.0007235	8.10E-05
0.3	0.0085038	0.000889235	0.000106834	0.00753345	0.000747449	8.42E-05
0.2	0.00831798	0.000885304	0.000102569	0.00767108	0.00077502	8.75E-05
0.1	0.00813216	0.000857733	9.85E-05	0.00780871	0.000802591	9.10E-05
0	0.00794633	0.000830162	9.47E-05	0.00794633	0.000830162	9.47E-05
-0.1	0.00780871	0.000802591	9.10E-05	0.00813216	0.000857733	9.85E-05
-0.2	0.00767108	0.00077502	8.75E-05	0.00831798	0.000885304	0.000102569
-0.3	0.00753345	0.000747449	8.42E-05	0.0085038	0.000889235	0.000106834
-0.4	0.00739582	0.0007235	8.10E-05	0.00868962	0.000917185	0.00011133
-0.5	0.0072582	0.000706801	7.80E-05	0.00887544	0.000946316	0.00011606
-0.6	0.00712057	0.000690102	7.51E-05	0.00906127	0.000976692	0.000121044
-0.7	0.00698294	0.000673403	7.23E-05	0.00924709	0.00100838	0.000126301
-0.8	0.00684532	0.000656704	6.97E-05	0.00943291	0.00104145	0.000131839
-0.9	0.00670769	0.000640005	6.72E-05	0.00961873	0.00107599	0.000137693
-1	0.00657006	0.000623306	6.48E-05	0.00980455	0.00111208	0.000143869
-1.1	0.0064653	0.000606607	6.25E-05	0.010064	0.00114979	0.000150394
-1.2	0.00636055	0.000589908	6.03E-05	0.0103234	0.00118922	0.000157299
-1.3	0.00625579	0.000573209	5.82E-05	0.0105828	0.00123047	0.000164594
-1.4	0.00615104	0.000556511	5.62E-05	0.0108422	0.00127365	0.000172326
-1.5	0.00604628	0.000539812	5.43E-05	0.0111017	0.00131887	0.000180513
-1.6	0.00594152	0.000523113	5.48E-05	0.0113611	0.00136625	0.000189185
-1.7	0.00583677	0.000508663	5.29E-05	0.0116205	0.00141592	0.000198396
-1.8	0.00573201	0.000497967	5.09E-05	0.0118799	0.00146802	0.000208161
-1.9	0.00562725	0.000487271	4.90E-05	0.0121393	0.00152271	0.000218541
-2	0.0055225	0.000476574	4.71E-05	0.0123988	0.00158015	0.000229575
-2.1	0.00544092	0.000465878	4.52E-05	0.0127764	0.00164052	0.000241299
-2.2	0.00535935	0.000455182	4.33E-05	0.013154	0.001704	0.000253803
-2.3	0.00527778	0.000444486	4.16E-05	0.0135316	0.00177079	0.000267108
-2.4	0.0051962	0.000433789	4.06E-05	0.0139093	0.0018411	0.000281301
-2.5	0.00511463	0.000423093	3.96E-05	0.0140995	0.00191518	0.000296452
-2.6	0.00503306	0.000412397	3.85E-05	0.0144814	0.00199327	0.000312609
-2.7	0.00495148	0.000401701	3.75E-05	0.014879	0.00207566	0.000329921
-2.8	0.00486991	0.000391004	3.65E-05	0.0152931	0.00216263	0.000348417
-2.9	0.00478834	0.000380308	3.55E-05	0.0157248	0.00225452	0.000368227
-3	0.00470676	0.000371082	3.44E-05	0.016175	0.00235167	0.000389478
-3.1	0.00464201	0.000363918	3.34E-05	0.0166448	0.00245448	0.000412242
-3.2	0.00457725	0.000356753	3.24E-05	0.0171353	0.00256339	0.000436741
-3.3	0.0045125	0.000349588	3.14E-05	0.0176478	0.00267883	0.000463051
-3.4	0.00444774	0.000342424	3.03E-05	0.0181835	0.00280128	0.000491359
-3.5	0.00438299	0.000335259	2.93E-05	0.018744	0.00293129	0.000521895
-3.6	0.00431823	0.000328094	2.83E-05	0.0193307	0.00306943	0.000554774
-3.7	0.00425348	0.00032093	2.73E-05	0.0199454	0.00321637	0.000590339
-3.8	0.00418872	0.000313765	2.63E-05	0.0205898	0.0033728	0.000628761
-3.9	0.00412397	0.000306601	2.57E-05	0.0212659	0.0035395	0.000670317
-4	0.00405921	0.000299436	2.51E-05	0.0219757	0.00371732	0.000715434
-4.1	0.00400695	0.000292271	2.45E-05	0.0227216	0.00390722	0.000764304
-4.2	0.00395469	0.000285107	2.39E-05	0.023506	0.00411021	0.000817479
-4.3	0.00390243	0.000278944	2.33E-05	0.0243317	0.00432754	0.000875323
-4.4	0.00385017	0.000273966	2.27E-05	0.0252015	0.00456045	0.000938266
-4.5	0.00379791	0.000268988	2.21E-05	0.0261187	0.00481032	0.00100712
-4.6	0.00374565	0.000264011	2.15E-05	0.0270867	0.00507869	0.00108223
-4.7	0.00369339	0.000259033	2.10E-05	0.0281094	0.0053673	0.00116451
-4.8	0.00364112	0.000254055	2.04E-05	0.0291909	0.0056781	0.00125475
-4.9	0.00358886	0.000249077	1.98E-05	0.0303359	0.00601324	0.00135366
-5	0.0035366	0.0002441	1.92E-05	0.0315493	0.00637514	0.00146281
-5.1	0.00349382	0.000239122	1.86E-05	0.0328368	0.00676652	0.00158287
-5.2	0.00345104	0.000234144	1.80E-05	0.0342044	0.00719041	0.00171549
-5.3	0.00340825	0.000229167	1.74E-05	0.0356589	0.00765025	0.00186235
-5.4	0.00336547	0.000224189	1.70E-05	0.0372078	0.00814994	0.00202476
-5.5	0.00332268	0.000219211	1.66E-05	0.0388595	0.00869423	0.00220577
-5.6	0.0032799	0.000214939	1.63E-05	0.0406231	0.00928778	0.00240692
-5.7	0.00323711	0.000211374	1.59E-05	0.0425091	0.00993624	0.00263134
-5.8	0.00319433	0.000207809	1.56E-05	0.0445288	0.0106461	0.00288276
-5.9	0.00315155	0.000204244	1.52E-05	0.0466952	0.0114246	0.00316393
-6	0.00310876	0.000200679	1.49E-05	0.0490228	0.0122804	0.00348092
-6.1	0.00307329	0.000197114	1.45E-05	0.0515278	0.0132231	0.00383776
-6.2	0.00303783	0.000193549	1.42E-05	0.0542287	0.014264	0.0042407
-6.3	0.00300236	0.000189983	1.38E-05	0.0571463	0.0154161	0.00469865
-6.4	0.00296689	0.000186418	1.34E-05	0.0603043	0.0166944	0.0052179
-6.5	0.00293142	0.000182853	1.31E-05	0.0637296	0.0181166	0.00581167
-6.6	0.00289596	0.000179288	1.27E-05	0.067453	0.0197043	0.00649085
-6.7	0.00286049	0.000175723	1.24E-05	0.0715099	0.0214817	0.00726942
-6.8	0.00282502	0.000172158	1.20E-05	0.0759409	0.0234771	0.00817035
-6.9	0.00278956	0.000169104	1.17E-05	0.0807931	0.0257242	0.00920971
-7	0.00275409	0.000166484	1.15E-05	0.0861211	0.0282636	0.0104197
-7.1	0.00272436	0.000163864	1.13E-05	0.0919884	0.0311438	0.0118321
-7.2	0.00269463	0.000161244	1.10E-05	0.0984697	0.0344228	0.0134824
-7.3	0.0026649	0.000158624	1.08E-05	0.105653	0.0381711	0.0154364
-7.4	0.00263518	0.000156004	1.06E-05	0.113641	0.042474	0.0177412
-7.5	0.00260545	0.000153384	1.04E-05	0.122557	0.047436	0.0204867
-7.6	0.00257572	0.000150764	1.01E-05	0.132549	0.0531855	0.0237761
-7.7	0.00254599	0.000148144	9.90E-06	0.143794	0.0598818	0.0277173
-7.8	0.00251626	0.000145524	9.68E-06	0.156507	0.0677345	0.0325203
-7.9	0.00248654	0.000142904	9.45E-06	0.170948	0.0769849	0.0383531
-8	0.00245681	0.000140284	9.23E-06	0.18744	0.0879484	0.0455095
-8.1	0.00243164	0.000137664	9.00E-06	0.206378	0.101026	0.0543777
-8.2	0.00240648	0.000135424	8.78E-06	0.228258	0.116734	0.0653612
-8.3	0.00238132	0.000133456	8.55E-06	0.253701	0.135736	0.0792234
-8.4	0.00235616	0.000131487	8.33E-06	0.283495	0.1589	0.0967017
-8.5	0.00233099	0.000129519	8.18E-06	0.318648	0.187361	0.118942
-8.6	0.00230583	0.000127551	8.03E-06	0.360462	0.22262	0.147651
-8.7	0.00228067	0.000125582	7.88E-06	0.410629	0.266667	0.184606
-8.8	0.0022555	0.000123614	7.73E-06	0.471373	0.322157	0.233058
-8.9	0.00223034	0.000121646	7.58E-06	0.54563	0.392712	0.296526
-9	0.00220518	0.000119677	7.43E-06	0.637296	0.483089	0.379865
-9.1	0.00218369	0.000117709	7.29E-06	0.751528	0.59937	0.490583
-9.2	0.0021622	0.000115741	7.14E-06	0.895079	0.749323	0.63537
-9.3	0.00214072	0.000113772	6.99E-06	1.07651	0.942131	0.82471
-9.4	0.00211923	0.000111804	6.84E-06	1.30593	1.18724	1.0664
-9.5	0.00209774	0.000110124	6.69E-06	1.59324	1.49117	1.36363
-9.6	0.00207625	0.000108616	6.54E-06	1.94298	1.85103	1.71178
-9.7	0.00205477	0.000107109	6.40E-06	2.343	2.24442	2.08254
-9.8	0.00203328	0.000105602	6.25E-06	2.74697	2.61976	2.42657
-9.9	0.00201179	0.000104094	6.10E-06	3.06392	2.89881	2.67452
-10	0.00199031	0.000102587	5.98E-06	3.18648	3.00375	2.76919
-10.1	0.00197181	0.00010108	5.88E-06	3.06392	2.93336	2.72139
-10.2	0.00195332	9.96E-05	5.78E-06	2.74697	2.74188	2.59209
-10.3	0.00193483	9.81E-05	5.68E-06	2.343	2.4732	2.40126
-10.4	0.00191633	9.66E-05	5.58E-06	1.94298	2.17494	2.17676
-10.5	0.00189784	9.51E-05	5.47E-06	1.59324	1.88297	1.94316
-10.6	0.00187934	9.35E-05	5.37E-06	1.30593	1.61751	1.71798
-10.7	0.00186085	9.20E-05	5.27E-06	1.07651	1.38643	1.51087
-10.8	0.00184236	9.08E-05	5.17E-06	0.895079	1.19018	1.32624
-10.9	0.00182386	8.96E-05	5.07E-06	0.751528	1.02559	1.1652
-11	0.00180537	8.84E-05	4.97E-06	0.637296	0.888271	1.02555
-11.1	0.00178934	8.72E-05	4.87E-06	0.54563	0.77374	0.905948
-11.2	0.00177331	8.61E-05	4.77E-06	0.471373	0.678045	0.803188
-11.3	0.00175728	8.49E-05	4.67E-06	0.410629	0.597745	0.714927
-11.4	0.00174125	8.37E-05	4.57E-06	0.360462	0.529953	0.639291
-11.5	0.00172522	8.25E-05	4.47E-06	0.318648	0.472401	0.573863
-11.6	0.00170918	8.14E-05	4.40E-06	0.283495	0.423259	0.5174
-11.7	0.00169315	8.02E-05	4.33E-06	0.253701	0.381056	0.468313
-11.8	0.00167712	7.90E-05	4.26E-06	0.228258	0.344608	0.425423
-11.9	0.00166109	7.78E-05	4.19E-06	0.206378	0.312959	0.387991
-12	0.00164506	7.67E-05	4.12E-06	0.18744	0.285335	0.354973
-12.1	0.00163107	7.57E-05	4.05E-06	0.170948	0.261103	0.325863
-12.2	0.00161708	7.47E-05	3.98E-06	0.156507	0.239748	0.300058
-12.3	0.0016031	7.38E-05	3.91E-06	0.143794	0.220843	0.277044
-12.4	0.00158911	7.29E-05	3.84E-06	0.132549	0.204054	0.256568
-12.5	0.00157512	7.20E-05	3.77E-06	0.122557	0.189068	0.238169
-12.6	0.00156114	7.10E-05	3.70E-06	0.113641	0.175641	0.221637
-12.7	0.00154715	7.01E-05	3.63E-06	0.105653	0.163568	0.206734
-12.8	0.00153316	6.92E-05	3.56E-06	0.0984697	0.152677	0.193222
-12.9	0.00151917	6.82E-05	3.49E-06	0.0919884	0.14282	0.180999
-13	0.00150519	6.73E-05	3.42E-06	0.0861211	0.133874	0.169856
-13.1	0.00149291	6.64E-05	3.36E-06	0.0807931	0.12573	0.159692
-13.2	0.00148063	6.55E-05	3.31E-06	0.0759409	0.118298	0.150407
-13.3	0.00146836	6.45E-05	3.26E-06	0.0715099	0.111497	0.14188
-13.4	0.00145608	6.37E-05	3.21E-06	0.067453	0.105259	0.134062
-13.5	0.0014438	6.30E-05	3.16E-06	0.0637296	0.0995264	0.126855
-13.6	0.00143153	6.23E-05	3.11E-06	0.0603043	0.0942466	0.120203
-13.7	0.00141925	6.15E-05	3.06E-06	0.0571463	0.0893715	0.114062
-13.8	0.00140697	6.08E-05	3.01E-06	0.0542287	0.0848614	0.108365
-13.9	0.0013947	6.00E-05	2.96E-06	0.0515278	0.0806809	0.103086
-14	0.00138242	5.93E-05	2.91E-06	0.0490228	0.0767992	0.0981765
-14.1	0.00137159	5.86E-05	2.86E-06	0.0466952	0.0731886	0.093602
-14.2	0.00136075	5.78E-05	2.81E-06	0.0445288	0.0698246	0.0893437
-14.3	0.00134992	5.71E-05	2.76E-06	0.0425091	0.0666855	0.0853605
-14.4	0.00133909	5.63E-05	2.71E-06	0.0406231	0.0637518	0.0816387
-14.5	0.00132825	5.56E-05	2.66E-06	0.0388595	0.0610062	0.0781524
-14.6	0.00131742	5.48E-05	2.61E-06	0.0372078	0.0584329	0.0748792
-14.7	0.00130658	5.42E-05	2.58E-06	0.0356589	0.0560192	0.0718114
-14.8	0.00129575	5.36E-05	2.54E-06	0.0342044	0.0537512	0.0689228
-14.9	0.00128492	5.30E-05	2.50E-06	0.0328368	0.0516172	0.066205
-15	0.00127408	5.24E-05	2.47E-06	0.0315493	0.0496071	0.0636443
-15.1	0.00126447	5.18E-05	2.43E-06	0.0303359	0.0477115	0.0612252
-15.2	0.00125487	5.12E-05	2.39E-06	0.0291909	0.0459218	0.0589447
-15.3	0.00124526	5.06E-05	2.35E-06	0.0281094	0.0442305	0.056786
-15.4	0.00123565	5.00E-05	2.32E-06	0.0270867	0.0426304	0.0547431
-15.5	0.00122604	4.94E-05	2.28E-06	0.0261187	0.0411151	0.0528089
-15.6	0.00121643	4.88E-05	2.24E-06	0.0252015	0.0396788	0.0509727
-15.7	0.00120682	4.82E-05	2.21E-06	0.0243317	0.0383161	0.0492325
-15.8	0.00119721	4.76E-05	2.17E-06	0.023506	0.0370223	0.0475782
-15.9	0.0011876	4.70E-05	2.13E-06	0.0227216	0.035793	0.0460051
-16	0.001178	4.65E-05	2.10E-06	0.0219757	0.0346237	0.0445095
-16.1	0.00116943	4.60E-05	2.06E-06	0.0212659	0.0335104	0.0430838
-16.2	0.00116087	4.55E-05	2.03E-06	0.0205898	0.0324498	0.0417266
-16.3	0.00115231	4.50E-05	2.01E-06	0.0199454	0.0314385	0.0404316
-16.4	0.00114375	4.45E-05	1.98E-06	0.0193307	0.0304736	0.0391951
-16.5	0.00113519	4.40E-05	1.95E-06	0.018744	0.0295523	0.0380155
-16.6	0.00112663	4.35E-05	1.92E-06	0.0181835	0.028672	0.0368869
-16.7	0.00111807	4.30E-05	1.90E-06	0.0176478	0.0278302	0.0358084
-16.8	0.00110951	4.25E-05	1.87E-06	0.0171353	0.0270249	0.0347762
-16.9	0.00110094	4.20E-05	1.84E-06	0.0166448	0.0262539	0.0337871
-17	0.00109238	4.16E-05	1.81E-06	0.016175	0.0255156	0.0328406
-17.1	0.00108472	4.11E-05	1.79E-06	0.0157248	0.0248079	0.0319324
-17.2	0.00107706	4.06E-05	1.76E-06	0.0152931	0.0241291	0.0310615
-17.3	0.0010694	4.02E-05	1.73E-06	0.014879	0.0234778	0.0302257
-17.4	0.00106174	3.97E-05	1.70E-06	0.0144814	0.0228523	0.0294223
-17.5	0.00105408	3.93E-05	1.68E-06	0.0140995	0.0222515	0.0286515
-17.6	0.00104642	3.89E-05	1.65E-06	0.0139093	0.0216739	0.0279099
-17.7	0.00103876	3.85E-05	1.63E-06	0.0135316	0.0211185	0.0271967
-17.8	0.00103109	3.81E-05	1.61E-06	0.013154	0.0205841	0.0265106
-17.9	0.00102343	3.77E-05	1.59E-06	0.0127764	0.0200697	0.0258496
-18	0.00101577	3.73E-05	1.56E-06	0.0123988	0.0195743	0.0252135
-18.1	0.00100889	3.69E-05	1.54E-06	0.0121393	0.019097	0.0246003
-18.2	0.00100201	3.65E-05	1.52E-06	0.0118799	0.018637	0.024009
-18.3	0.000995125	3.61E-05	1.50E-06	0.0116205	0.0181934	0.023439
-18.4	0.000988243	3.57E-05	1.48E-06	0.0113611	0.0177653	0.0228885
-18.5	0.00098136	3.53E-05	1.46E-06	0.0111017	0.0173522	0.0223577
-18.6	0.000974478	3.49E-05	1.44E-06	0.0108422	0.0169533	0.0218448
-18.7	0.000967595	3.46E-05	1.42E-06	0.0105828	0.0165679	0.0213492
-18.8	0.000960713	3.42E-05	1.40E-06	0.0103234	0.0161955	0.0208706
-18.9	0.00095383	3.39E-05	1.38E-06	0.010064	0.0158355	0.0204075
-19	0.000946948	3.36E-05	1.36E-06	0.00980455	0.0154873	0.0199599
-19.1	0.000940742	3.32E-05	1.33E-06	0.00961873	0.0151505	0.0195267
-19.2	0.000934536	3.29E-05	1.32E-06	0.00943291	0.0148245	0.0191072
-19.3	0.00092833	3.25E-05	1.30E-06	0.00924709	0.014509	0.0187015
-19.4	0.000922124	3.22E-05	1.28E-06	0.00906127	0.0142034	0.0183082
-19.5	0.000915918	3.19E-05	1.27E-06	0.00887544	0.0139074	0.0179273
-19.6	0.000909712	3.15E-05	1.25E-06	0.00868962	0.0136204	0.0175582
-19.7	0.000903506	3.12E-05	1.24E-06	0.0085038	0.0133423	0.0172001
-19.8	0.0008973	3.09E-05	1.22E-06	0.00831798	0.0132445	0.0168531
-19.9	0.000891094	3.06E-05	1.20E-06	0.00813216	0.0129698	0.0165164
-20	0.000884887	3.03E-05	1.19E-06	0.00794633	0.0126951	0.0161896
